5420
55228
26187
64878
62041
29895
3372
4559
33732
65305
5924
54304
63781
51881
42172
60137
60833
14390
4541
4514
1306
13822
25262
8112
34345
49646
38461
7513
25436
22390
19101
30438
18551
25
43336
42357
33876
1327
53152
21654
39807
42912
24795
443
4982
28536
47095
53530
36969
34261
26348
16651
47110
36740
40419
2955
53528
55952
31064
54161
47760
40116
33722
50046
23058
63670
21990
31096
58312
34114
52411
8239
34897
58666
53353
23687
60175
28505
61235
28032
55464
63559
51282
265
46044
6138
24571
33132
62399
6765
21040
2273
27319
32050
35413
28365
18139
4155
45305
39342
19345
41340
8883
9370
30449
28537
43532
38235
31899
24156
50685
39681
28857
16861
22106
47754
61944
11404
41542
14842
46528
3868
53783
12457
49114
32830
55588
14138
52140
1023
5093
63913
39409
55389
26364
50080
24633
12390
50013
16801
32824
59331
40461
653
51600
25202
7782
35543
49800
20432
44805
61366
2073
63810
56257
17152
38274
15326
19553
35428
21461
9725
32939
25757
27817
52598
12528
55089
36062
30224
52891
26076
11984
45389
13626
35771
39863
11741
50521
56413
8999
25945
43670
33242
60262
61253
13579
60340
9873
45217
58932
25157
44179
25541
756
51868
21012
36225
16762
20681
32300
9745
4855
26919
48246
20364
22620
50800
27969
62309
16161
34918
27253
7753
63900
12347
64274
16640
58826
25167
53794
63088
4129
23379
64911
44656
24085
22237
36671
17260
51137
12753
48064
29102
4571
61883
1982
52022
21304
52605
40138
50736
4928
485
51379
5857
1068
28718
7576
40048
50066
27414
21849
47715
55660
33700
34391
17295
34849
52987
64260
56944
17104
23809
1600
35594
39223
10859
65048
14200
40300
8771
29038
59061
44633
2351
7515
9494
54771
55912
55738
29545
43647
271
64070
3471
45701
25358
41173
22301
29164
47929
28197
10530
32835
49346
28439
56153
49863
61741
13610
55621
17495
342
44996
52531
16567
26818
41405
22561
7011
45535
53435
8778
58115
10493
15292
1244
9589
48201
35019
40565
39961
55232
18533
53636
14317
23186
54575
14863
24675
28309
14632
24492
37380
45083
13273
21787
43478
15110
59542
10513
64478
33710
56728
22442
13484
28006
24104
43475
2885
34578
26702
15423
63779
20200
35489
57879
50310
37729
18090
42260
21827
38492
4145
44327
28949
17264
4135
35209
61682
14608
45738
23647
20700
24566
22853
15631
9710
33688
32112
48243
48743
41805
10556
36196
40039
15474
1517
11246
31059
29944
51098
63991
23627
4320
29350
45550
3497
24392
45457
37554
51852
37474
6240
5245
47640
11199
998
57501
59634
39331
36810
50690
51748
50470
35772
22276
46638
63953
8105
8639
5327
14425
64961
12318
47959
3496
14473
55114
13131
28495
34911
17497
43768
52653
34908
38249
3769
35806
4870
24519
30040
52577
56725
64735
38659
6708
436
54623
23735
45926
43680
41976
53335
44322
16709
37880
25475
32481
31695
31716
59353
55441
46643
52540
58849
12949
6935
14658
43901
59601
58580
21254
20234
19575
28215
31061
37939
10139
53059
11217
41536
50887
21794
15818
36053
63979
37485
33584
65141
15847
61378
283
50030
42002
16648
1933
23260
15473
47993
5589
7648
2982
55391
64134
31230
40277
59891
15209
24054
24878
61500
46524
30738
27135
11288
21316
40036
13744
62554
10721
26792
39106
60757
59731
34126
8826
19240
59997
12009
38416
42103
54068
44108
54234
51914
43994
6917
37180
28868
33202
24844
63887
17057
47230
56970
7119
45861
49246
43266
23081
44227
49347
6325
51368
46212
34632
26061
2225
53289
39956
4866
7798
45992
13122
15163
34366
47498
172
17811
24378
58937
61736
31513
27476
30233
63075
57891
23792
4541
26894
14388
3892
59562
52321
62366
53635
25256
48737
42300
34178
26342
42463
38822
30370
4321
51789
3944
13525
2464
18036
30346
26674
12878
3572
6164
15142
16497
41623
58750
12888
54589
14937
19380
53045
17948
56649
3606
19053
7635
21504
55249
53310
34936
51235
3422
38993
43729
26775
60661
49080
62419
44837
15364
9177
63300
34116
19630
29416
22287
13845
47217
61560
51208
7272
40727
58485
49896
20800
56015
36666
62764
20949
28307
45151
56370
61423
29259
62906
2197
46319
5015
61180
38376
49889
35353
46782
15485
51232
28092
21970
44398
42396
64524
53121
23970
21907
636
49031
36953
38259
17856
56048
63049
63793
64834
32295
2200
52591
60593
41559
61531
30785
38847
9610
10462
37546
15538
45381
36438
30519
42148
52633
30876
30883
21413
51366
13254
56956
21040
9897
19440
27045
15472
52051
63364
51029
48448
7236
35165
35679
21115
1187
25333
6695
39108
11533
56359
11286
17992
30638
4865
8114
194
4237
30638
16707
58083
15450
10371
10010
35678
48678
7454
42091
9024
52576
38747
2761
52608
27251
2648
10103
15821
37084
27763
52858
54284
39626
54755
52736
2999
54036
5213
51464
34261
191
318
62772
39110
57750
34132
52431
32180
27066
14336
63570
47032
62163
61639
35241
44905
45342
51077
60388
11910
3271
18882
62439
5433
19849
55320
24119
27908
11122
32467
54224
46956
50205
21988
42933
51122
32284
48955
49527
39441
1774
17685
14874
57292
45220
33942
47352
32967
34307
29174
35256
14546
56432
25411
9088
850
33906
2799
41015
64293
60068
54574
43410
8519
5530
47023
9348
35450
59315
19422
25468
24109
131
11773
42980
58921
1681
55240
1270
29360
43475
6614
21594
49325
55279
40035
29003
51944
3826
27626
44244
56017
34917
6519
48534
23757
53071
50849
60366
30312
52850
2970
1768
56641
15052
53038
45412
41856
36759
18147
43629
64880
24275
40284
7672
49776
10788
30776
24026
9546
5533
25123
10990
54340
48984
10954
24252
4970
11673
41511
3874
6728
53239
51364
28534
58807
55572
3761
49430
5324
64381
36435
41221
20850
47235
7369
13566
10334
47233
37659
63703
15524
64525
63363
51495
4108
27397
6200
55883
32259
19262
20373
28513
51826
21428
19231
48037
17355
23551
55260
34411
56992
29005
34753
5783
34092
25658
62306
640
44328
37828
61760
46234
60721
56265
14073
30862
212
36572
59545
28609
57689
22160
58780
56242
14804
45097
33335
16586
41280
39148
31754
16639
15727
23260
40046
64381
8
27338
46437
51635
52090
61890
41554
27319
58210
6177
12220
59480
64041
1591
22380
38313
34679
65421
64714
37235
24572
6441
16955
55328
33281
2647
